000000000000000000000000000000000000000000000000000000000000
000000000000000000000000000000000000000111110000000000000000
000000000000000000000000000000000000111111110000000000000000
000000000000000000000000000111111111111001111000000000000000
000000000000000000000001111111111111000000100000000000000000
000000000000000011111111110001000110000001100000000000000000
000000000000011111111101101000000000000011000000000000000000
000000001111111101010000000000000000000110000000000000000000
000000011111010100000000000000000000001110000000000000000000
000000010010000000000000000000000000011100000000000000000000
000000000000000000000000000000000000011100000000000000000000
000000000000000000000000000000000000110000000000000000000000
000000000000000000000000000000000000110000000000000000000000
000000000000000000000000000000000001100000000000000000000000
000000000000000000000011110000000001100000000000000000000000
000000000000000000000111101111000011100000000000000000000000
000000000000000000000010011111111110000000000000000000000000
000000000000000000000000000111111110000000000000000000000000
000000000000000000000000000000011111110000000000000000000000
000000000000000000000000000000111111111110000000000000000000
000000000000000000000000000001110000111111100000000000000000
000000000000000000000000000011100000000111000000000000000000
000000000000000000000000000110100000000010000000000000000000
000000000000000000000000001100000000000000000000000000000000
000000000000000000000000011000000000000000000000000000000000
000000000000000000000000110000000000000000000000000000000000
000000000000000000000001100000000000000000000000000000000000
000000000000000000000011100000000000000000000000000000000000
000000000000000000000111000000000000000000000000001111000000
000000000000000000001110000000000000000001111111111110000000
000000000000000000001100000000000001111111111111101100000000
000000000000000000001100000000011111111110010001100000000000
000000000000000000011000000011111110000000000000000000000000
000000000000000000110001111111101000000000000000000000000000
000000000000000000111111111101100000000000000000000000000000
000000000000000001111111000000000000000000000000000000000000
000000000000000001110000000000000000000000000000000000000000
000000000000000000100000000000000000000000000000000000000000
000000000000000000000000000000000000000000000000000000000000
000000000000000000000000000000000000000000000000000000000000